750
730
64 20
657 405
53 995
752 415
445 470
631 383
700 438
218 794
946 105
940 153
214 808
919 259
548 665
76 129
226 879
587 289
698 231
495 622
712
908
391
924
500
286
69 8
666 304
636 327
936
432 482
883 386
462
81
450
715 365
688
428 583
224 765
87
561
509
557
82 956
659 475
568 341
926
512 408
950
492 609
161 832
179
225
897 947
902 108
531
559
171 952
48
935
517 547
206 800
248 716
216
95 115
839
824 49
941 150
949 165
264 873
979 31
404
723
627
959
709 414
416
965 124
324 543
629
632 376
733
550
781 99
187
789 371
635 481
996 6
930 199
901 200
159
375 664
478 681
644
309
536
773 130
451
745
98
967 18
793 72
125
951
742
533
288 737
13
606
558 372
449 469
711 373
160 30
468
202
577 562
398 553
834 244
957 151
266 763
241
678
747
337 544
102 80
320
338 695
168 973
367
302
472
884 256
261
630 394
552 620
868 953
545 572
779
758 350
909 155
871 330
175 982
207 744
696 242
585 459
384 494
113
310 840
514
222
480
896
638
910 937
911 297
22
775
906
828 984
729
116 833
4
167
799
322 619
436
196
538
652
487 452
246 726
798 118
610
769 336
385 643
605
964
849
904 195
50
479
296
600 262
253 661
281
418 511
11
298
19
523 392
417 751
810 273
939
295 846
990 157
57 10
579 528
542 670
104 837
145
768
86 993
710 407
916 94
369
598 263
36 156
300
754
71 835
802
816 345
485
595 426
759 388
907
663
237 885
366 653
260
877
532
838 227
311
898 243
676 236
496 409
918 285
974 67
720 137
215 770
209
777
148
503 566
590 437
185 960
23
567
596
271 705
190 795
498 454
466 735
38
826
100
74
223 760
564 344
980 88
921
65 147
280 697
774 290
997
464 612
143 825
61 134
364
743
427 471
85 932
507
430
333
29
616
755
603 249
83
860
403 521
985 51
892 114
845
623
397
756
423
634 513
618 522
628 443
660 307
3
927 188
584
501 573
483
154
269 701
363 615
945 91
922
968 101
580 525
90
314
34
762 402
313
221 721
804
961 872
728
925
211
601 490
563 534
191 929
217
750 169
66 977
181
546
359 662
607 422
395 817
551
493
890
899
239
683 458
158 858
707
131 881
163 12
499
575
970
999 27
343 537
497
673 461
582 474
0 26
275
972
329
347
893
626
491
107
340
778
361
277
68 15
488
198 920
975
597
238 857
792
58 988
362
353 689
702
888
706
97 814
682
717 138
387
332
442
78
811
110
128 801
594
830
419 740
84 847
287
783 162
852
878
829
96 93
457
586 617
489
641
992
117 991
119 912
251
399 813
887
812
637 318
283
746
170
123 32
370
668 270
788 401
867
328
180 796
942
541
465 624
771
818 252
855
25
602
319
349
731 133
393
962
54 894
441
599 518
291 856
645
149
331 675
477
33
348
611
741
219
955
73
931
677
820
109
654
865
669
282
692
267
535 444
234 866
59 841
633 368
508
210
245
578 339
739
540
377
172 943
981 915
844
823
265
70
378
933
356
334
506
303
963
7
614
176
28
1
292
648
112
177
312
803
764
923
556
958 146
257 703
786
876 173
671
776
748
526
212
229
576
62
753 355
815
152 797
928 903
9
651 434
5
276
186
554
987
749 204
194
467
228
608 410
46 862
140
400
476 714
917
247
255
684 382
530
233
484 455
699 183
301
736
316
79 861
284
306 581
197
335 674
647
640
821
589 524
254
718
55 853
986
390 625
539
406
446
89
486
913
806 52
77
47 144
425
396
448
914
305
782 413
279
704
174
994
193
934 182
323
135
16
106
43
510 424
874
460
35
358
315
966
889
120
325
555
842
613
727
463
905
527 686
831
685 447
989
870
687
379
854
725
593
56
412
549
431
574
807
719
440
142
822
519
235
864
667
326
757
103
439
859
851
969
354
983
520
621
656
250 805
92
121
201
724
189
230
971
516
268
435
299
240
122
785
360
473
592
421
900
293
875
453
560
646
766
784
588
680
642
192
213
713
604
693
863
357
351
139
767
37 44
843
679
819
111
346
591
850
294
141
790
690
352
761
998
954
272
882 321
41
433
809
672
708
886
420
274
869
63
505
278
734
75
691
787
944
45
827
42
411
732
504
166
342
39
738
502
380
308
21
203
132
429
791
220
976
17
136
639
880
570
127
456
938
650
565
649
389
836
772
2 891
655
374
205
978
722
694
258
317
232
14
529 571
658
780
164
515
184
24
126 40
60
381
848
948
178
569
895
208
